0,110,190,130,70,210,80,90,130,70
110,0,70,170,80,190,85,130,240,80
190,70,0,180,85,90,80,210,210,85
130,170,180,0,70,170,75,110,130,70
70,80,85,70,0,70,70,70,70,75
210,190,90,170,70,0,80,110,130,70
80,85,80,75,70,80,0,80,80,80
90,130,210,110,70,110,80,0,85,75
130,240,210,130,70,130,80,85,0,70
70,80,85,70,75,70,80,75,70,0
